#reader(lib"read.ss""wxme")WXME0108 ## 
#|
   This file uses the GRacket editor format.
   Open this file in DrRacket version 6.7 or later to read it.

   Most likely, it was created by saving a program in DrRacket,
   and it probably contains a program with non-text elements
   (such as images or comment boxes).

            http://racket-lang.org/
|#
 32 7 #"wxtext\0"
3 1 6 #"wxtab\0"
1 1 8 #"wximage\0"
2 0 8 #"wxmedia\0"
4 1 34 #"(lib \"syntax-browser.ss\" \"mrlib\")\0"
1 0 36 #"(lib \"cache-image-snip.ss\" \"mrlib\")\0"
1 0 68
(
 #"((lib \"image-core.ss\" \"mrlib\") (lib \"image-core-wxme.rkt\" \"mr"
 #"lib\"))\0"
) 1 0 16 #"drscheme:number\0"
3 0 44 #"(lib \"number-snip.ss\" \"drscheme\" \"private\")\0"
1 0 36 #"(lib \"comment-snip.ss\" \"framework\")\0"
1 0 93
(
 #"((lib \"collapsed-snipclass.ss\" \"framework\") (lib \"collapsed-sni"
 #"pclass-wxme.ss\" \"framework\"))\0"
) 0 0 43 #"(lib \"collapsed-snipclass.ss\" \"framework\")\0"
0 0 19 #"drscheme:sexp-snip\0"
0 0 29 #"drscheme:bindings-snipclass%\0"
1 0 101
(
 #"((lib \"ellipsis-snip.rkt\" \"drracket\" \"private\") (lib \"ellipsi"
 #"s-snip-wxme.rkt\" \"drracket\" \"private\"))\0"
) 2 0 88
(
 #"((lib \"pict-snip.rkt\" \"drracket\" \"private\") (lib \"pict-snip.r"
 #"kt\" \"drracket\" \"private\"))\0"
) 0 0 34 #"(lib \"bullet-snip.rkt\" \"browser\")\0"
0 0 25 #"(lib \"matrix.ss\" \"htdp\")\0"
1 0 22 #"drscheme:lambda-snip%\0"
1 0 29 #"drclickable-string-snipclass\0"
0 0 26 #"drracket:spacer-snipclass\0"
0 0 57
#"(lib \"hrule-snip.rkt\" \"macro-debugger\" \"syntax-browser\")\0"
1 0 26 #"drscheme:pict-value-snip%\0"
0 0 45 #"(lib \"image-snipr.ss\" \"slideshow\" \"private\")\0"
1 0 38 #"(lib \"pict-snipclass.ss\" \"slideshow\")\0"
2 0 55 #"(lib \"vertical-separator-snip.ss\" \"stepper\" \"private\")\0"
1 0 18 #"drscheme:xml-snip\0"
1 0 31 #"(lib \"xml-snipclass.ss\" \"xml\")\0"
1 0 21 #"drscheme:scheme-snip\0"
2 0 34 #"(lib \"scheme-snipclass.ss\" \"xml\")\0"
1 0 10 #"text-box%\0"
1 0 32 #"(lib \"text-snipclass.ss\" \"xml\")\0"
1 0 1 6 #"wxloc\0"
          0 0 63 0 1 #"\0"
0 75 1 #"\0"
0 12 90 -1 90 -1 3 -1 0 1 0 1 0 0 0 0 0 0 0 0 0 0 0 255 255 255 1 -1 0 9
#"Standard\0"
0 75 10 #"Monospace\0"
0 12 90 -1 90 -1 3 -1 0 1 0 1 0 0 0 0 0 0 0 0 0 0 0 255 255 255 1 -1 2 1
#"\0"
0 -1 1 #"\0"
1 0 -1 -1 -1 -1 -1 -1 0 0 0 0 0 0 1 1 1 1 1 1 0 0 0 0 0 0 -1 -1 2 24
#"framework:default-color\0"
0 -1 1 #"\0"
1 0 -1 -1 -1 -1 -1 -1 0 0 0 0 0 1 0 0 0 0 0 0 0 0 0 255 255 255 -1 -1 2
1 #"\0"
0 -1 1 #"\0"
1 0 -1 -1 -1 -1 -1 -1 0 0 0 0 0 0 0 0 0 1 1 1 150 0 150 0 0 0 -1 -1 2 15
#"text:ports out\0"
0 -1 1 #"\0"
1 0 -1 -1 -1 93 -1 -1 0 1 0 0 0 0 0 0 0 1 1 1 150 0 150 0 0 0 -1 -1 2 1
#"\0"
0 -1 1 #"\0"
1.0 0 -1 -1 93 -1 -1 -1 0 0 0 0 0 0 0 0 0 1.0 1.0 1.0 255 0 0 0 0 0 -1
-1 2 15 #"text:ports err\0"
0 -1 1 #"\0"
1 0 -1 -1 93 -1 -1 -1 0 1 0 0 0 0 0 0 0 1 1 1 255 0 0 0 0 0 -1 -1 2 1
#"\0"
0 -1 1 #"\0"
1 0 -1 -1 -1 -1 -1 -1 0 0 0 0 0 0 0 0 0 1 1 1 0 0 175 0 0 0 -1 -1 2 17
#"text:ports value\0"
0 -1 1 #"\0"
1 0 -1 -1 -1 93 -1 -1 0 1 0 0 0 0 0 0 0 1 1 1 0 0 175 0 0 0 -1 -1 2 1
#"\0"
0 -1 1 #"\0"
1.0 0 92 -1 -1 -1 -1 -1 0 0 0 0 0 0 0 0 0 1.0 1.0 1.0 34 139 34 0 0 0 -1
-1 2 27 #"Matching Parenthesis Style\0"
0 -1 1 #"\0"
1.0 0 92 -1 -1 -1 -1 -1 0 0 0 0 0 0 0 0 0 1.0 1.0 1.0 34 139 34 0 0 0 -1
-1 2 1 #"\0"
0 -1 1 #"\0"
1 0 -1 -1 -1 93 -1 -1 0 1 0 0 0 0 0 0 0 1 1 1 38 38 128 0 0 0 -1 -1 2 37
#"framework:syntax-color:scheme:symbol\0"
0 -1 1 #"\0"
1 0 -1 -1 -1 93 -1 -1 0 1 0 0 0 0 0 0 0 1 1 1 38 38 128 0 0 0 -1 -1 2 38
#"framework:syntax-color:scheme:keyword\0"
0 -1 1 #"\0"
1 0 -1 -1 -1 93 -1 -1 0 1 0 0 0 0 0 0 0 1 1 1 38 38 128 0 0 0 -1 -1 2 1
#"\0"
0 -1 1 #"\0"
1 0 -1 -1 -1 93 -1 -1 0 1 0 0 0 0 0 0 0 1 1 1 194 116 31 0 0 0 -1 -1 2
38 #"framework:syntax-color:scheme:comment\0"
0 -1 1 #"\0"
1 0 -1 -1 -1 93 -1 -1 0 1 0 0 0 0 0 0 0 1 1 1 194 116 31 0 0 0 -1 -1 2 1
#"\0"
0 -1 1 #"\0"
1 0 -1 -1 -1 93 -1 -1 0 1 0 0 0 0 0 0 0 1 1 1 41 128 38 0 0 0 -1 -1 2 37
#"framework:syntax-color:scheme:string\0"
0 -1 1 #"\0"
1 0 -1 -1 -1 93 -1 -1 0 1 0 0 0 0 0 0 0 1 1 1 41 128 38 0 0 0 -1 -1 2 35
#"framework:syntax-color:scheme:text\0"
0 -1 1 #"\0"
1 0 -1 -1 -1 93 -1 -1 0 1 0 0 0 0 0 0 0 1 1 1 41 128 38 0 0 0 -1 -1 2 39
#"framework:syntax-color:scheme:constant\0"
0 -1 1 #"\0"
1 0 -1 -1 -1 93 -1 -1 0 1 0 0 0 0 0 0 0 1 1 1 41 128 38 0 0 0 -1 -1 2 1
#"\0"
0 -1 1 #"\0"
1 0 -1 -1 -1 93 -1 -1 0 1 0 0 0 0 0 0 0 1 1 1 132 60 36 0 0 0 -1 -1 2 49
#"framework:syntax-color:scheme:hash-colon-keyword\0"
0 -1 1 #"\0"
1 0 -1 -1 -1 93 -1 -1 0 1 0 0 0 0 0 0 0 1 1 1 132 60 36 0 0 0 -1 -1 2 42
#"framework:syntax-color:scheme:parenthesis\0"
0 -1 1 #"\0"
1 0 -1 -1 -1 93 -1 -1 0 1 0 0 0 0 0 0 0 1 1 1 132 60 36 0 0 0 -1 -1 2 1
#"\0"
0 -1 1 #"\0"
1 0 -1 -1 -1 93 -1 -1 0 1 0 0 0 0 0 0 0 1 1 1 255 0 0 0 0 0 -1 -1 2 36
#"framework:syntax-color:scheme:error\0"
0 -1 1 #"\0"
1 0 -1 -1 -1 93 -1 -1 0 1 0 0 0 0 0 0 0 1 1 1 255 0 0 0 0 0 -1 -1 2 1
#"\0"
0 -1 1 #"\0"
1 0 -1 -1 -1 93 -1 -1 0 1 0 0 0 0 0 0 0 1 1 1 0 0 0 0 0 0 -1 -1 2 36
#"framework:syntax-color:scheme:other\0"
0 -1 1 #"\0"
1 0 -1 -1 -1 93 -1 -1 0 1 0 0 0 0 0 0 0 1 1 1 0 0 0 0 0 0 -1 -1 2 16
#"Misspelled Text\0"
0 -1 1 #"\0"
1 0 -1 -1 -1 -1 -1 -1 0 0 0 0 0 0 0 0 0 1 1 1 0 0 0 0 0 0 -1 -1 2 1
#"\0"
0 -1 1 #"\0"
1 0 -1 -1 -1 93 -1 -1 0 1 0 0 0 0 0 0 0 1 1 1 81 112 203 0 0 0 -1 -1 2
38 #"drracket:check-syntax:lexically-bound\0"
0 -1 1 #"\0"
1 0 -1 -1 -1 93 -1 -1 0 1 0 0 0 0 0 0 0 1 1 1 81 112 203 0 0 0 -1 -1 2 1
#"\0"
0 -1 1 #"\0"
1 0 -1 -1 -1 93 -1 -1 0 1 0 0 0 0 0 0 0 1 1 1 178 34 34 0 0 0 -1 -1 2 28
#"drracket:check-syntax:set!d\0"
0 -1 1 #"\0"
1 0 -1 -1 -1 93 -1 -1 0 1 0 0 0 0 0 0 0 1 1 1 178 34 34 0 0 0 -1 -1 2 37
#"drracket:check-syntax:unused-require\0"
0 -1 1 #"\0"
1 0 -1 -1 -1 93 -1 -1 0 1 0 0 0 0 0 0 0 1 1 1 255 0 0 0 0 0 -1 -1 2 36
#"drracket:check-syntax:free-variable\0"
0 -1 1 #"\0"
1 0 -1 -1 -1 93 -1 -1 0 1 0 0 0 0 0 0 0 1 1 1 255 0 0 0 0 0 -1 -1 2 1
#"\0"
0 -1 1 #"\0"
1 0 -1 -1 -1 93 -1 -1 0 1 0 0 0 0 0 0 0 1 1 1 68 0 203 0 0 0 -1 -1 2 31
#"drracket:check-syntax:imported\0"
0 -1 1 #"\0"
1 0 -1 -1 -1 93 -1 -1 0 1 0 0 0 0 0 0 0 1 1 1 68 0 203 0 0 0 -1 -1 2 47
#"drracket:check-syntax:my-obligation-style-pref\0"
0 -1 1 #"\0"
1 0 -1 -1 -1 93 -1 -1 0 1 0 0 0 0 0 0 0 1 1 1 178 34 34 0 0 0 -1 -1 2 1
#"\0"
0 -1 1 #"\0"
1 0 -1 -1 -1 93 -1 -1 0 1 0 0 0 0 0 0 0 1 1 1 0 116 0 0 0 0 -1 -1 2 50
#"drracket:check-syntax:their-obligation-style-pref\0"
0 -1 1 #"\0"
1 0 -1 -1 -1 93 -1 -1 0 1 0 0 0 0 0 0 0 1 1 1 0 116 0 0 0 0 -1 -1 2 48
#"drracket:check-syntax:unk-obligation-style-pref\0"
0 -1 1 #"\0"
1 0 -1 -1 -1 93 -1 -1 0 1 0 0 0 0 0 0 0 1 1 1 0 0 0 0 0 0 -1 -1 2 1
#"\0"
0 -1 1 #"\0"
1 0 -1 -1 -1 93 -1 -1 0 1 0 0 0 0 0 0 0 1 1 1 139 142 28 0 0 0 -1 -1 2
49 #"drracket:check-syntax:both-obligation-style-pref\0"
0 -1 1 #"\0"
1 0 -1 -1 -1 93 -1 -1 0 1 0 0 0 0 0 0 0 1 1 1 139 142 28 0 0 0 -1 -1 2
26 #"plt:htdp:test-coverage-on\0"
0 -1 1 #"\0"
1 0 -1 -1 -1 93 -1 -1 0 1 0 0 0 0 0 0 0 1 1 1 0 0 0 0 0 0 -1 -1 2 1
#"\0"
0 -1 1 #"\0"
1 0 -1 -1 -1 93 -1 -1 0 1 0 0 0 1 0 0 0 0 0 0 255 165 0 0 0 0 -1 -1 2 27
#"plt:htdp:test-coverage-off\0"
0 -1 1 #"\0"
1 0 -1 -1 -1 93 -1 -1 0 1 0 0 0 1 0 0 0 0 0 0 255 165 0 0 0 0 -1 -1 4 1
#"\0"
0 70 1 #"\0"
1.0 0 -1 -1 -1 -1 -1 -1 0 0 0 0 0 0 1.0 1.0 1.0 1.0 1.0 1.0 0 0 0 0 0 0
-1 -1 4 4 #"XML\0"
0 70 1 #"\0"
1.0 0 -1 -1 -1 -1 -1 -1 0 0 0 0 0 0 1.0 1.0 1.0 1.0 1.0 1.0 0 0 0 0 0 0
-1 -1 2 37 #"plt:module-language:test-coverage-on\0"
0 -1 1 #"\0"
1 0 -1 -1 -1 93 -1 -1 0 1 0 0 0 0 0 0 0 1 1 1 0 0 0 0 0 0 -1 -1 2 38
#"plt:module-language:test-coverage-off\0"
0 -1 1 #"\0"
1 0 -1 -1 -1 93 -1 -1 0 1 0 0 0 1 0 0 0 0 0 0 255 165 0 0 0 0 -1 -1 4 1
#"\0"
0 71 1 #"\0"
1.0 0 -1 -1 -1 -1 -1 -1 0 0 0 0 0 0 1.0 1.0 1.0 1.0 1.0 1.0 0 0 0 0 0 0
-1 -1 4 1 #"\0"
0 -1 1 #"\0"
1.0 0 -1 -1 -1 -1 -1 -1 1 0 0 0 0 0 0 0 0 1.0 1.0 1.0 0 0 255 0 0 0 -1
-1 4 1 #"\0"
0 71 1 #"\0"
1.0 0 -1 -1 -1 -1 -1 -1 1 0 0 0 0 0 0 0 0 1.0 1.0 1.0 0 0 255 0 0 0 -1
-1 4 1 #"\0"
0 71 1 #"\0"
1.0 0 -1 -1 -1 -1 -1 -1 0 0 0 0 0 0 0 0 0 1.0 1.0 1.0 0 100 0 0 0 0 -1
-1 4 1 #"\0"
0 -1 1 #"\0"
1.0 0 92 -1 -1 -1 -1 -1 0 0 0 0 0 1 0 0 0 0 0 0 0 0 0 255 255 0 -1 -1 2
1 #"\0"
0 -1 1 #"\0"
1 0 -1 -1 -1 -1 -1 -1 0 0 0 0 0 0 0 0 0 1 1 1 200 0 0 0 0 0 -1 -1 0 1
#"\0"
0 75 10 #"Monospace\0"
0.0 12 90 -1 90 -1 3 -1 0 1 0 1 0 0 0.0 0.0 0.0 0.0 0.0 0.0 0 0 0 255
255 255 1 -1 2 1 #"\0"
0 -1 1 #"\0"
1.0 0 -1 -1 -1 -1 -1 -1 0 0 0 0 0 1 0.0 0.0 0.0 0.0 0.0 0.0 0 0 0 255
255 255 -1 -1 2 1 #"\0"
0 -1 1 #"\0"
1.0 0 -1 -1 -1 93 -1 -1 0 1 0 0 0 0 0.0 0.0 0.0 1.0 1.0 1.0 150 0 150 0
0 0 -1 -1 2 1 #"\0"
0 -1 1 #"\0"
1.0 0 -1 -1 93 -1 -1 -1 0 1 0 0 0 0 0.0 0.0 0.0 1.0 1.0 1.0 255 0 0 0 0
0 -1 -1 2 1 #"\0"
0 -1 1 #"\0"
1.0 0 -1 -1 -1 93 -1 -1 0 1 0 0 0 0 0.0 0.0 0.0 1.0 1.0 1.0 0 0 175 0 0
0 -1 -1 2 1 #"\0"
0 -1 1 #"\0"
1.0 0 -1 -1 -1 -1 -1 -1 0 0 0 0 0 0 0.0 0.0 0.0 1.0 1.0 1.0 0 0 0 0 0 0
-1 -1           0 934 0 28 3 12 #"#lang racket"
0 0 24 29 1 #"\n"
0 0 24 29 1 #"\n"
0 0 24 3 1 #"("
0 0 15 3 7 #"require"
0 0 24 3 2 #" ("
0 0 14 3 4 #"file"
0 0 24 3 1 #" "
0 0 19 3 13 #"\"courses.rkt\""
0 0 24 3 2 #"))"
0 0 24 29 1 #"\n"
0 0 24 3 1 #"("
0 0 15 3 7 #"require"
0 0 24 3 2 #" ("
0 0 14 3 4 #"file"
0 0 24 3 1 #" "
0 0 19 3 21 #"\"justin-sad-hw03.rkt\""
0 0 24 3 2 #"))"
0 0 24 29 1 #"\n"
0 0 24 3 1 #"("
0 0 15 3 7 #"require"
0 0 24 3 1 #" "
0 0 14 3 6 #"csc151"
0 0 24 3 1 #")"
0 0 24 29 1 #"\n"
0 0 24 29 1 #"\n"
0 0 17 3 30 #";;; username-username-hw03.rkt"
0 0 24 29 1 #"\n"
0 0 17 3 53 #";;;   Answers to assignment 3 for CSC 151 Spring 2018"
0 0 24 29 1 #"\n"
0 0 17 3 12 #";;; Authors:"
0 0 24 29 1 #"\n"
0 0 17 3 15 #";;;   YOUR NAME"
0 0 24 29 1 #"\n"
0 0 17 3 15 #";;;   YOUR NAME"
0 0 24 29 1 #"\n"
0 0 24 29 1 #"\n"
0 0 17 3 69
(
 #"; +-------+---------------------------------------------------------"
 #"-"
) 0 0 24 29 1 #"\n"
0 0 17 3 11 #"; | Setup |"
0 0 24 29 1 #"\n"
0 0 17 3 11 #"; +-------+"
0 0 24 29 1 #"\n"
0 0 24 29 1 #"\n"
0 0 17 3 71
(
 #"; If this file and courses.rkt are in the same directory, the follow"
 #"ing"
) 0 0 24 29 1 #"\n"
0 0 17 3 50 #"; command should work to load the list of courses."
0 0 24 29 1 #"\n"
0 0 24 3 1 #"("
0 0 15 3 7 #"require"
0 0 24 3 1 #" "
0 0 19 3 13 #"\"courses.rkt\""
0 0 24 3 1 #")"
0 0 24 29 1 #"\n"
0 0 24 29 1 #"\n"
0 0 17 3 21 #"; Some sample courses"
0 0 24 29 1 #"\n"
0 0 24 3 1 #"("
0 0 15 3 6 #"define"
0 0 24 3 1 #" "
0 0 14 3 6 #"thd245"
0 0 24 3 1 #" "
0 0 19 3 52 #"\"80495 THD-245-01 4.00 04 12 Lighting for the Stage\""
0 0 24 3 1 #")"
0 0 24 29 1 #"\n"
0 0 24 3 1 #"("
0 0 15 3 6 #"define"
0 0 24 3 1 #" "
0 0 14 3 6 #"csc151"
0 0 24 3 1 #" "
0 0 19 3 59
#"\"80631 CSC-151-02 4.00 00 32 Functional Prob Solving w/lab\""
0 0 24 3 1 #")"
0 0 24 29 1 #"\n"
0 0 24 3 1 #"("
0 0 15 3 6 #"define"
0 0 24 3 1 #" "
0 0 14 3 9 #"als100-bp"
0 0 24 3 1 #" "
0 0 19 3 52 #"\"81348 ALS-100-04 2.00 -1 08 Brazilian Portuguese I\""
0 0 24 3 1 #")"
0 0 24 29 1 #"\n"
0 0 24 29 1 #"\n"
0 0 17 3 27 #"; A shorter list of courses"
0 0 24 29 1 #"\n"
0 0 24 3 1 #"("
0 0 15 3 6 #"define"
0 0 24 3 1 #" "
0 0 14 3 12 #"some-courses"
0 0 24 3 2 #" ("
0 0 14 3 4 #"take"
0 0 24 3 1 #" "
0 0 14 3 7 #"courses"
0 0 24 3 1 #" "
0 0 21 3 2 #"20"
0 0 24 3 2 #"))"
0 0 24 29 1 #"\n"
0 0 24 29 1 #"\n"
0 0 17 3 69
(
 #"; +-----------+-----------------------------------------------------"
 #"-"
) 0 0 24 29 1 #"\n"
0 0 17 3 15 #"; | Problem 1 |"
0 0 24 29 1 #"\n"
0 0 17 3 15 #"; +-----------+"
0 0 24 29 1 #"\n"
0 0 24 29 1 #"\n"
0 0 24 3 1 #"("
0 0 15 3 6 #"define"
0 0 24 3 1 #" "
0 0 14 3 11 #"course-code"
0 0 24 29 1 #"\n"
0 0 24 3 3 #"  ("
0 0 15 3 6 #"lambda"
0 0 24 3 2 #" ("
0 0 14 3 1 #"x"
0 0 24 3 1 #")"
0 0 24 29 1 #"\n"
0 0 24 3 5 #"    ("
0 0 14 3 9 #"substring"
0 0 24 3 1 #" "
0 0 14 3 1 #"x"
0 0 24 3 1 #" "
0 0 21 3 1 #"0"
0 0 24 3 1 #" "
0 0 21 3 1 #"5"
0 0 24 3 3 #")))"
0 0 24 29 1 #"\n"
0 0 24 29 1 #"\n"
0 0 24 3 1 #"("
0 0 15 3 6 #"define"
0 0 24 3 1 #" "
0 0 14 3 2 #"co"
0 0 14 3 1 #"u"
0 0 14 3 14 #"rse-department"
0 0 24 29 1 #"\n"
0 0 24 3 3 #"  ("
0 0 15 3 6 #"lambda"
0 0 24 3 2 #" ("
0 0 14 3 7 #"courses"
0 0 24 3 1 #")"
0 0 24 29 1 #"\n"
0 0 24 3 5 #"    ("
0 0 14 3 9 #"substring"
0 0 24 3 1 #" "
0 0 14 3 7 #"courses"
0 0 24 3 1 #" "
0 0 21 3 1 #"6"
0 0 24 3 1 #" "
0 0 21 3 1 #"9"
0 0 24 3 3 #")))"
0 0 24 29 1 #"\n"
0 0 24 3 4 #"    "
0 0 24 29 1 #"\n"
0 0 24 29 1 #"\n"
0 0 24 3 1 #"("
0 0 15 3 6 #"define"
0 0 24 3 1 #" "
0 0 14 3 13 #"course-number"
0 0 24 3 1 #" "
0 0 24 29 1 #"\n"
0 0 24 3 3 #"  ("
0 0 15 3 6 #"lambda"
0 0 24 3 2 #" ("
0 0 14 3 7 #"courses"
0 0 24 3 1 #")"
0 0 24 29 1 #"\n"
0 0 24 3 5 #"    ("
0 0 14 3 9 #"substring"
0 0 24 3 1 #" "
0 0 14 3 7 #"courses"
0 0 24 3 1 #" "
0 0 21 3 2 #"10"
0 0 24 3 1 #" "
0 0 21 3 2 #"13"
0 0 24 3 3 #")))"
0 0 24 29 1 #"\n"
0 0 24 29 1 #"\n"
0 0 24 29 1 #"\n"
0 0 24 29 1 #"\n"
0 0 24 29 1 #"\n"
0 0 24 3 1 #"("
0 0 15 3 6 #"define"
0 0 24 3 1 #" "
0 0 14 3 14 #"course-section"
0 0 24 29 1 #"\n"
0 0 24 3 3 #"  ("
0 0 15 3 6 #"lambda"
0 0 24 3 2 #" ("
0 0 14 3 7 #"courses"
0 0 24 3 1 #")"
0 0 24 29 1 #"\n"
0 0 24 3 5 #"    ("
0 0 14 3 9 #"substring"
0 0 24 3 1 #" "
0 0 14 3 7 #"courses"
0 0 24 3 1 #" "
0 0 21 3 2 #"14"
0 0 24 3 1 #" "
0 0 21 3 2 #"16"
0 0 24 3 3 #")))"
0 0 24 29 1 #"\n"
0 0 24 3 4 #"    "
0 0 24 29 1 #"\n"
0 0 24 29 1 #"\n"
0 0 24 3 1 #"("
0 0 15 3 6 #"define"
0 0 24 3 1 #" "
0 0 14 3 14 #"course-credits"
0 0 24 29 1 #"\n"
0 0 24 3 3 #"  ("
0 0 15 3 6 #"lambda"
0 0 24 3 2 #" ("
0 0 14 3 7 #"courses"
0 0 24 3 1 #")"
0 0 24 29 1 #"\n"
0 0 24 3 6 #"    ( "
0 0 14 3 14 #"string->number"
0 0 24 3 1 #"("
0 0 14 3 9 #"substring"
0 0 24 3 1 #" "
0 0 14 3 7 #"courses"
0 0 24 3 1 #" "
0 0 21 3 2 #"17"
0 0 24 3 1 #" "
0 0 21 3 2 #"21"
0 0 24 3 4 #"))))"
0 0 24 29 1 #"\n"
0 0 24 3 4 #"    "
0 0 24 29 1 #"\n"
0 0 24 29 1 #"\n"
0 0 24 3 1 #"("
0 0 15 3 6 #"define"
0 0 24 3 1 #" "
0 0 14 3 16 #"course-available"
0 0 24 29 1 #"\n"
0 0 24 3 3 #"  ("
0 0 15 3 6 #"lambda"
0 0 24 3 2 #" ("
0 0 14 3 7 #"courses"
0 0 24 3 1 #")"
0 0 24 29 1 #"\n"
0 0 24 3 5 #"    ("
0 0 14 3 14 #"inexact->exact"
0 0 24 3 1 #"("
0 0 14 3 14 #"string->number"
0 0 24 3 1 #"("
0 0 14 3 9 #"substring"
0 0 24 3 1 #" "
0 0 14 3 7 #"courses"
0 0 24 3 1 #" "
0 0 21 3 2 #"22"
0 0 24 3 1 #" "
0 0 21 3 2 #"24"
0 0 24 3 5 #")))))"
0 0 24 29 1 #"\n"
0 0 24 3 3 #"   "
0 0 24 29 1 #"\n"
0 0 24 29 1 #"\n"
0 0 24 3 1 #"("
0 0 15 3 6 #"define"
0 0 24 3 1 #" "
0 0 14 3 15 #"course-capacity"
0 0 24 29 1 #"\n"
0 0 24 3 3 #"  ("
0 0 15 3 6 #"lambda"
0 0 24 3 2 #" ("
0 0 14 3 7 #"courses"
0 0 24 3 1 #")"
0 0 24 29 1 #"\n"
0 0 24 3 5 #"    ("
0 0 14 3 14 #"inexact->exact"
0 0 24 3 2 #"( "
0 0 14 3 14 #"string->number"
0 0 24 3 2 #" ("
0 0 14 3 9 #"substring"
0 0 24 3 1 #" "
0 0 14 3 7 #"courses"
0 0 24 3 1 #" "
0 0 21 3 2 #"25"
0 0 24 3 1 #" "
0 0 21 3 2 #"27"
0 0 24 3 5 #")))))"
0 0 24 29 1 #"\n"
0 0 24 29 1 #"\n"
0 0 24 29 1 #"\n"
0 0 24 3 1 #"("
0 0 15 3 6 #"define"
0 0 24 3 1 #" "
0 0 14 3 11 #"course-name"
0 0 24 29 1 #"\n"
0 0 24 3 3 #"  ("
0 0 15 3 6 #"lambda"
0 0 24 3 2 #" ("
0 0 14 3 7 #"courses"
0 0 24 3 1 #")"
0 0 24 29 1 #"\n"
0 0 24 3 5 #"    ("
0 0 14 3 9 #"substring"
0 0 24 3 1 #" "
0 0 14 3 7 #"courses"
0 0 24 3 1 #" "
0 0 21 3 2 #"28"
0 0 24 3 2 #" ("
0 0 14 3 13 #"string-length"
0 0 24 3 1 #" "
0 0 14 3 7 #"courses"
0 0 24 3 4 #"))))"
0 0 24 29 1 #"\n"
0 0 24 3 4 #"    "
0 0 24 29 1 #"\n"
0 0 24 29 1 #"\n"
0 0 24 29 1 #"\n"
0 0 17 3 69
(
 #"; +-----------+-----------------------------------------------------"
 #"-"
) 0 0 24 29 1 #"\n"
0 0 17 3 15 #"; | Problem 2 |"
0 0 24 29 1 #"\n"
0 0 17 3 15 #"; +-----------+"
0 0 24 29 1 #"\n"
0 0 24 29 1 #"\n"
0 0 24 3 1 #"("
0 0 15 3 6 #"define"
0 0 24 3 1 #" "
0 0 14 3 18 #"course-enrollement"
0 0 24 29 1 #"\n"
0 0 24 3 3 #"  ("
0 0 15 3 6 #"lambda"
0 0 24 3 2 #" ("
0 0 14 3 7 #"courses"
0 0 24 3 1 #")"
0 0 24 29 1 #"\n"
0 0 24 3 5 #"    ("
0 0 14 3 1 #"-"
0 0 24 3 2 #" ("
0 0 14 3 15 #"course-capacity"
0 0 24 3 1 #" "
0 0 14 3 7 #"courses"
0 0 24 3 3 #") ("
0 0 14 3 16 #"course-available"
0 0 24 3 1 #" "
0 0 14 3 7 #"courses"
0 0 24 3 6 #")  )))"
0 0 24 29 1 #"\n"
0 0 24 29 1 #"\n"
0 0 24 29 1 #"\n"
0 0 24 3 1 #"("
0 0 15 3 6 #"define"
0 0 24 3 1 #" "
0 0 14 3 12 #"course-level"
0 0 24 29 1 #"\n"
0 0 24 3 3 #"  ("
0 0 15 3 6 #"lambda"
0 0 24 3 2 #" ("
0 0 14 3 7 #"courses"
0 0 24 3 1 #")"
0 0 24 29 1 #"\n"
0 0 24 3 6 #"    ( "
0 0 14 3 14 #"number->string"
0 0 24 3 1 #"("
0 0 14 3 1 #"*"
0 0 24 3 2 #" ("
0 0 14 3 5 #"floor"
0 0 24 3 2 #" ("
0 0 14 3 1 #"/"
0 0 24 3 3 #" ( "
0 0 14 3 14 #"string->number"
0 0 24 3 2 #" ("
0 0 14 3 13 #"course-number"
0 0 24 3 1 #" "
0 0 14 3 7 #"courses"
0 0 24 3 2 #"))"
0 0 21 3 3 #"100"
0 0 24 3 2 #"))"
0 0 21 3 3 #"100"
0 0 24 3 4 #"))))"
0 0 24 29 1 #"\n"
0 0 24 3 14 #"              "
0 0 24 29 1 #"\n"
0 0 24 29 1 #"\n"
0 0 24 3 1 #"("
0 0 15 3 6 #"define"
0 0 24 3 1 #" "
0 0 14 3 10 #"course-sch"
0 0 24 3 1 #" "
0 0 24 29 1 #"\n"
0 0 24 3 3 #"  ("
0 0 15 3 6 #"lambda"
0 0 24 3 2 #" ("
0 0 14 3 7 #"courses"
0 0 24 3 1 #")"
0 0 24 29 1 #"\n"
0 0 24 3 5 #"    ("
0 0 14 3 1 #"*"
0 0 24 3 2 #" ("
0 0 14 3 18 #"course-enrollement"
0 0 24 3 1 #" "
0 0 14 3 7 #"courses"
0 0 24 3 3 #") ("
0 0 14 3 14 #"course-credits"
0 0 24 3 1 #" "
0 0 14 3 7 #"courses"
0 0 24 3 6 #")  )))"
0 0 24 29 1 #"\n"
0 0 24 29 1 #"\n"
0 0 17 3 69
(
 #"; +-----------+-----------------------------------------------------"
 #"-"
) 0 0 24 29 1 #"\n"
0 0 17 3 15 #"; | Problem 3 |"
0 0 24 29 1 #"\n"
0 0 17 3 15 #"; +-----------+"
0 0 24 29 1 #"\n"
0 0 24 3 1 #"("
0 0 15 3 6 #"define"
0 0 24 3 1 #" "
0 0 14 3 17 #"course-number-int"
0 0 24 29 1 #"\n"
0 0 24 3 3 #"  ("
0 0 15 3 6 #"lambda"
0 0 24 3 2 #" ("
0 0 14 3 7 #"courses"
0 0 24 3 1 #")"
0 0 24 29 1 #"\n"
0 0 24 3 5 #"    ("
0 0 14 3 14 #"string->number"
0 0 24 3 1 #"("
0 0 14 3 9 #"substring"
0 0 24 3 1 #" "
0 0 14 3 7 #"courses"
0 0 24 3 1 #" "
0 0 21 3 2 #"10"
0 0 24 3 1 #" "
0 0 21 3 2 #"13"
0 0 24 3 4 #"))))"
0 0 24 29 1 #"\n"
0 0 17 3 22 #";substring courses 6 9"
0 0 24 29 1 #"\n"
0 0 24 3 1 #"("
0 0 15 3 6 #"define"
0 0 24 3 1 #" "
0 0 14 3 22 #"sort-courses-by-course"
0 0 24 29 1 #"\n"
0 0 24 3 3 #"  ("
0 0 15 3 6 #"lambda"
0 0 24 3 2 #" ("
0 0 14 3 7 #"courses"
0 0 24 3 1 #")"
0 0 24 29 1 #"\n"
0 0 24 3 5 #"    ("
0 0 14 3 4 #"sort"
0 0 24 3 1 #" "
0 0 14 3 7 #"courses"
0 0 24 3 2 #" ("
0 0 15 3 6 #"lambda"
0 0 24 3 2 #" ("
0 0 14 3 1 #"x"
0 0 24 3 1 #" "
0 0 14 3 1 #"y"
0 0 24 3 3 #") ("
0 0 14 3 12 #"string-ci<=?"
0 0 24 3 2 #" ("
0 0 14 3 9 #"substring"
0 0 24 3 1 #" "
0 0 14 3 1 #"x"
0 0 24 3 1 #" "
0 0 21 3 1 #"6"
0 0 24 3 1 #" "
0 0 21 3 1 #"9"
0 0 24 3 3 #") ("
0 0 14 3 9 #"substring"
0 0 24 3 1 #" "
0 0 14 3 1 #"y"
0 0 24 3 1 #" "
0 0 21 3 1 #"6"
0 0 24 3 1 #" "
0 0 21 3 1 #"9"
0 0 24 3 1 #")"
0 0 24 3 5 #")))))"
0 0 24 29 1 #"\n"
0 0 17 3 95
(
 #";(map sort(map sort(map sort(courses) string-ci<?)course-number-int)"
 #"<)course-section courses)>)"
) 0 0 24 29 1 #"\n"
0 0 24 3 2 #"  "
0 0 24 29 1 #"\n"
0 0 17 3 69
(
 #"; +-----------+-----------------------------------------------------"
 #"-"
) 0 0 24 29 1 #"\n"
0 0 17 3 15 #"; | Problem 4 |"
0 0 24 29 1 #"\n"
0 0 17 3 15 #"; +-----------+"
0 0 24 29 1 #"\n"
0 0 24 29 1 #"\n"
0 0 24 29 1 #"\n"
0 0 17 3 27 #";   get-index-of-department"
0 0 24 29 1 #"\n"
0 0 24 29 1 #"\n"
0 0 24 29 1 #"\n"
0 0 17 3 11 #"; Procedure"
0 0 24 29 1 #"\n"
0 0 17 3 23 #";    drop-to-department"
0 0 24 29 1 #"\n"
0 0 17 3 14 #"; Precondtions"
0 0 24 29 1 #"\n"
0 0 17 3 67
#";    take a sorted list by department, and drops all courses before"
0 0 24 29 1 #"\n"
0 0 17 3 25 #";    the given department"
0 0 24 29 1 #"\n"
0 0 24 29 1 #"\n"
0 0 24 29 1 #"\n"
0 0 17 3 8 #"; part a"
0 0 24 29 1 #"\n"
0 0 24 3 1 #"("
0 0 15 3 6 #"define"
0 0 24 3 1 #" "
0 0 14 3 18 #"drop-to-department"
0 0 24 3 1 #" "
0 0 24 29 1 #"\n"
0 0 24 3 3 #"  ("
0 0 15 3 6 #"lambda"
0 0 24 3 2 #" ("
0 0 14 3 7 #"courses"
0 0 24 3 1 #" "
0 0 14 3 10 #"department"
0 0 24 3 1 #")"
0 0 24 29 1 #"\n"
0 0 24 3 5 #"    ("
0 0 14 3 7 #"reverse"
0 0 24 3 2 #" ("
0 0 14 3 4 #"drop"
0 0 24 3 1 #" "
0 0 14 3 7 #"courses"
0 0 24 3 2 #" ("
0 0 14 3 8 #"index-of"
0 0 24 3 1 #" "
0 0 14 3 10 #"department"
0 0 24 3 2 #" ("
0 0 14 3 3 #"map"
0 0 24 3 1 #" "
0 0 14 3 17 #"course-department"
0 0 24 3 1 #" "
0 0 14 3 7 #"courses"
0 0 24 3 6 #"))))))"
0 0 24 29 1 #"\n"
0 0 24 3 1 #"("
0 0 15 3 6 #"define"
0 0 24 3 1 #" "
0 0 14 3 17 #"filter-department"
0 0 24 29 1 #"\n"
0 0 24 3 3 #"  ("
0 0 15 3 6 #"lambda"
0 0 24 3 2 #" ("
0 0 14 3 7 #"courses"
0 0 24 3 1 #" "
0 0 14 3 10 #"department"
0 0 24 3 1 #")"
0 0 24 29 1 #"\n"
0 0 24 3 5 #"    ("
0 0 14 3 18 #"drop-to-department"
0 0 24 3 2 #" ("
0 0 14 3 18 #"drop-to-department"
0 0 24 3 2 #" ("
0 0 14 3 22 #"sort-courses-by-course"
0 0 24 3 1 #" "
0 0 14 3 7 #"courses"
0 0 24 3 2 #") "
0 0 14 3 10 #"department"
0 0 24 3 2 #") "
0 0 14 3 10 #"department"
0 0 24 3 3 #")))"
0 0 24 29 1 #"\n"
0 0 24 29 1 #"\n"
0 0 17 3 5 #";part"
0 0 17 3 2 #" b"
0 0 24 29 1 #"\n"
0 0 24 29 1 #"\n"
0 0 24 3 1 #"("
0 0 15 3 6 #"define"
0 0 24 3 1 #" "
0 0 14 3 21 #"sort-courses-by-level"
0 0 24 29 1 #"\n"
0 0 24 3 3 #"  ("
0 0 15 3 6 #"lambda"
0 0 24 3 2 #" ("
0 0 14 3 7 #"courses"
0 0 24 3 1 #")"
0 0 24 29 1 #"\n"
0 0 24 3 5 #"    ("
0 0 14 3 4 #"sort"
0 0 24 3 1 #" "
0 0 14 3 7 #"courses"
0 0 24 3 2 #" ("
0 0 15 3 6 #"lambda"
0 0 24 3 2 #" ("
0 0 14 3 1 #"x"
0 0 24 3 1 #" "
0 0 14 3 1 #"y"
0 0 24 3 3 #") ("
0 0 14 3 12 #"string-ci<=?"
0 0 24 3 2 #" ("
0 0 14 3 9 #"substring"
0 0 24 3 1 #" "
0 0 14 3 1 #"x"
0 0 24 3 1 #" "
0 0 21 3 2 #"10"
0 0 24 3 1 #" "
0 0 21 3 2 #"13"
0 0 24 3 3 #") ("
0 0 14 3 9 #"substring"
0 0 24 3 1 #" "
0 0 14 3 1 #"y"
0 0 24 3 1 #" "
0 0 21 3 2 #"10"
0 0 24 3 1 #" "
0 0 21 3 2 #"13"
0 0 24 3 6 #"))))))"
0 0 24 29 1 #"\n"
0 0 24 29 1 #"\n"
0 0 24 3 1 #"("
0 0 15 3 2 #"de"
0 0 15 3 4 #"fine"
0 0 24 3 1 #" "
0 0 14 3 13 #"drop-to-level"
0 0 24 29 1 #"\n"
0 0 24 3 3 #"  ("
0 0 15 3 6 #"lambda"
0 0 24 3 2 #" ("
0 0 14 3 7 #"courses"
0 0 24 3 1 #" "
0 0 14 3 5 #"level"
0 0 24 3 1 #")"
0 0 24 29 1 #"\n"
0 0 24 3 5 #"    ("
0 0 14 3 7 #"reverse"
0 0 24 3 2 #" ("
0 0 14 3 4 #"drop"
0 0 24 3 1 #" "
0 0 14 3 7 #"courses"
0 0 24 3 2 #" ("
0 0 14 3 8 #"index-of"
0 0 24 3 1 #" "
0 0 14 3 5 #"level"
0 0 24 3 2 #" ("
0 0 14 3 3 #"map"
0 0 24 3 1 #" "
0 0 14 3 12 #"course-level"
0 0 24 3 1 #" "
0 0 14 3 7 #"courses"
0 0 24 3 6 #"))))))"
0 0 24 29 1 #"\n"
0 0 24 29 1 #"\n"
0 0 24 3 2 #" ("
0 0 15 3 6 #"define"
0 0 24 3 1 #" "
0 0 14 3 8 #"filter-l"
0 0 14 3 4 #"evel"
0 0 24 29 1 #"\n"
0 0 24 3 3 #"  ("
0 0 15 3 6 #"lambda"
0 0 24 3 2 #" ("
0 0 14 3 7 #"courses"
0 0 24 3 1 #" "
0 0 14 3 5 #"level"
0 0 24 3 1 #")"
0 0 24 29 1 #"\n"
0 0 24 3 5 #"    ("
0 0 14 3 13 #"drop-to-level"
0 0 24 3 2 #" ("
0 0 14 3 13 #"drop-to-level"
0 0 24 3 2 #" ("
0 0 14 3 21 #"sort-courses-by-level"
0 0 24 3 1 #" "
0 0 14 3 7 #"courses"
0 0 24 3 2 #") "
0 0 14 3 5 #"level"
0 0 24 3 2 #") "
0 0 14 3 5 #"level"
0 0 24 3 3 #")))"
0 0 24 29 1 #"\n"
0 0 24 29 1 #"\n"
0 0 17 3 69
(
 #"; +-----------+-----------------------------------------------------"
 #"-"
) 0 0 24 29 1 #"\n"
0 0 17 3 15 #"; | Problem 5 |"
0 0 24 29 1 #"\n"
0 0 17 3 15 #"; +-----------+"
0 0 24 29 1 #"\n"
0 0 24 29 1 #"\n"
0 0 17 3 7 #";part a"
0 0 24 29 1 #"\n"
0 0 24 3 1 #"("
0 0 15 3 2 #"de"
0 0 15 3 4 #"fine"
0 0 24 3 1 #" "
0 0 14 3 19 #"average-course-size"
0 0 24 29 1 #"\n"
0 0 24 3 3 #"  ("
0 0 15 3 6 #"lambda"
0 0 24 3 2 #" ("
0 0 14 3 7 #"courses"
0 0 24 3 1 #")"
0 0 24 29 1 #"\n"
0 0 24 3 4 #"    "
0 0 24 29 1 #"\n"
0 0 24 3 5 #"   ( "
0 0 14 3 1 #"/"
0 0 24 3 2 #" ("
0 0 14 3 6 #"reduce"
0 0 24 3 1 #" "
0 0 14 3 1 #"+"
0 0 24 3 2 #" ("
0 0 14 3 3 #"map"
0 0 24 3 1 #" "
0 0 14 3 18 #"course-enrollement"
0 0 24 3 1 #" "
0 0 14 3 5 #"cours"
0 0 14 3 2 #"es"
0 0 24 3 4 #")) ("
0 0 14 3 6 #"length"
0 0 24 3 1 #" "
0 0 14 3 7 #"courses"
0 0 24 3 4 #"))))"
0 0 24 29 1 #"\n"
0 0 24 29 1 #"\n"
0 0 17 3 5 #";part"
0 0 17 3 2 #" b"
0 0 24 29 1 #"\n"
0 0 17 3 2 #";>"
0 0 17 3 2 #" ("
0 0 17 3 19 #"average-course-size"
0 0 17 3 2 #" ("
0 0 17 3 17 #"filter-department"
0 0 17 3 1 #" "
0 0 17 3 7 #"courses"
0 0 17 3 1 #" "
0 0 17 3 7 #"\"ANT\"))"
0 0 24 29 1 #"\n"
0 0 17 3 1 #";"
0 8          10 17 7 #"263/22\0"
3 #"#e\0"
6 #"mixed\0"
2 #"1\0"
0 0 24 29 1 #"\n"
0 0 17 3 2 #";>"
0 0 17 3 2 #" ("
0 0 17 3 19 #"average-course-size"
0 0 17 3 2 #" ("
0 0 17 3 17 #"filter-department"
0 0 17 3 1 #" "
0 0 17 3 7 #"courses"
0 0 17 3 1 #" "
0 0 17 3 7 #"\"CSC\"))"
0 0 24 29 1 #"\n"
0 0 17 3 1 #";"
0 8          10 17 7 #"214/11\0"
3 #"#e\0"
6 #"mixed\0"
2 #"1\0"
0 0 24 29 1 #"\n"
0 0 17 3 2 #";>"
0 0 17 3 2 #" ("
0 0 17 3 19 #"average-course-size"
0 0 17 3 2 #" ("
0 0 17 3 17 #"filter-department"
0 0 17 3 1 #" "
0 0 17 3 7 #"courses"
0 0 17 3 1 #" "
0 0 17 3 7 #"\"BIO\"))"
0 0 24 29 1 #"\n"
0 0 17 3 3 #";11"
0 0 24 29 1 #"\n"
0 0 17 3 2 #";>"
0 0 17 3 2 #" ("
0 0 17 3 19 #"average-course-size"
0 0 17 3 2 #" ("
0 0 17 3 17 #"filter-department"
0 0 17 3 1 #" "
0 0 17 3 7 #"courses"
0 0 17 3 1 #" "
0 0 17 3 7 #"\"MAT\"))"
0 0 24 29 1 #"\n"
0 0 17 3 1 #";"
0 8          10 17 7 #"601/30\0"
3 #"#e\0"
6 #"mixed\0"
2 #"1\0"
0 0 24 29 1 #"\n"
0 0 17 3 2 #";>"
0 0 17 3 2 #" ("
0 0 17 3 19 #"average-course-size"
0 0 17 3 2 #" ("
0 0 17 3 17 #"filter-department"
0 0 17 3 1 #" "
0 0 17 3 7 #"courses"
0 0 17 3 1 #" "
0 0 17 3 7 #"\"MUS\"))"
0 0 24 29 1 #"\n"
0 0 17 3 1 #";"
0 8          10 17 7 #"393/73\0"
3 #"#e\0"
6 #"mixed\0"
2 #"1\0"
0 0 24 29 1 #"\n"
0 0 24 29 1 #"\n"
0 0 17 3 7 #";part c"
0 0 24 29 1 #"\n"
0 0 24 29 1 #"\n"
0 0 17 3 1 #";"
0 0 17 3 2 #"> "
0 0 17 3 2 #"( "
0 0 17 3 19 #"average-course-size"
0 0 17 3 3 #" ( "
0 0 17 3 12 #"filter-level"
0 0 17 3 1 #" "
0 0 17 3 7 #"courses"
0 0 17 3 1 #" "
0 0 17 3 7 #"\"100\"))"
0 0 24 29 1 #"\n"
0 0 17 3 1 #";"
0 8          10 17 9 #"3025/228\0"
3 #"#e\0"
6 #"mixed\0"
2 #"1\0"
0 0 24 29 1 #"\n"
0 0 17 3 2 #";>"
0 0 17 3 3 #" ( "
0 0 17 3 19 #"average-course-size"
0 0 17 3 3 #" ( "
0 0 17 3 12 #"filter-level"
0 0 17 3 1 #" "
0 0 17 3 7 #"courses"
0 0 17 3 1 #" "
0 0 17 3 7 #"\"200\"))"
0 0 24 29 1 #"\n"
0 0 17 3 1 #";"
0 8          10 17 9 #"3489/307\0"
3 #"#e\0"
6 #"mixed\0"
2 #"1\0"
0 0 24 29 1 #"\n"
0 0 17 3 2 #";>"
0 0 17 3 3 #" ( "
0 0 17 3 19 #"average-course-size"
0 0 17 3 3 #" ( "
0 0 17 3 12 #"filter-level"
0 0 17 3 1 #" "
0 0 17 3 7 #"courses"
0 0 17 3 1 #" "
0 0 17 3 7 #"\"300\"))"
0 0 24 29 1 #"\n"
0 0 17 3 1 #";"
0 8          10 17 9 #"1028/123\0"
3 #"#e\0"
6 #"mixed\0"
2 #"1\0"
0 0 24 29 1 #"\n"
0 0 17 3 2 #";>"
0 0 17 3 3 #" ( "
0 0 17 3 19 #"average-course-size"
0 0 17 3 3 #" ( "
0 0 17 3 12 #"filter-level"
0 0 17 3 1 #" "
0 0 17 3 7 #"courses"
0 0 17 3 1 #" "
0 0 17 3 7 #"\"400\"))"
0 0 24 29 1 #"\n"
0 0 17 3 1 #";"
0 8          10 17 7 #"193/85\0"
3 #"#e\0"
6 #"mixed\0"
2 #"1\0"
0 0 24 29 1 #"\n"
0 0 24 29 1 #"\n"
0 0 17 3 69
(
 #"; +-----------+-----------------------------------------------------"
 #"-"
) 0 0 24 29 1 #"\n"
0 0 17 3 15 #"; | Problem 6 |"
0 0 24 29 1 #"\n"
0 0 17 3 15 #"; +-----------+"
0 0 24 29 1 #"\n"
0 0 24 3 1 #"("
0 0 15 3 6 #"define"
0 0 24 3 1 #" "
0 0 14 3 44 #"find-total-numbers-of-courses-in-each-levels"
0 0 24 29 1 #"\n"
0 0 24 3 3 #"  ("
0 0 15 3 6 #"lambda"
0 0 24 3 2 #" ("
0 0 14 3 7 #"courses"
0 0 24 3 1 #" "
0 0 14 3 5 #"level"
0 0 24 3 1 #")"
0 0 24 29 1 #"\n"
0 0 24 3 3 #"  ("
0 0 14 3 6 #"length"
0 0 24 3 2 #" ("
0 0 14 3 12 #"filter-level"
0 0 24 3 1 #" "
0 0 14 3 7 #"courses"
0 0 24 3 1 #" "
0 0 14 3 5 #"level"
0 0 24 3 2 #"))"
0 0 24 29 1 #"\n"
0 0 24 3 4 #"  ))"
0 0 24 29 1 #"\n"
0 0 24 29 1 #"\n"
0 0 24 3 1 #"("
0 0 15 3 6 #"define"
0 0 24 3 1 #" "
0 0 14 3 30 #"filter-by-department-and-level"
0 0 24 29 1 #"\n"
0 0 24 3 3 #"  ("
0 0 15 3 6 #"lambda"
0 0 24 3 2 #" ("
0 0 14 3 7 #"courses"
0 0 24 3 1 #" "
0 0 14 3 5 #"level"
0 0 24 3 1 #" "
0 0 14 3 10 #"department"
0 0 24 3 3 #")  "
0 0 24 29 1 #"\n"
0 0 24 3 5 #"    ("
0 0 14 3 12 #"filter-level"
0 0 24 3 2 #" ("
0 0 14 3 17 #"filter-department"
0 0 24 3 1 #" "
0 0 14 3 7 #"courses"
0 0 24 3 1 #" "
0 0 14 3 10 #"department"
0 0 24 3 2 #") "
0 0 14 3 5 #"level"
0 0 24 3 1 #")"
0 0 24 29 1 #"\n"
0 0 24 3 6 #"    ))"
0 0 24 29 1 #"\n"
0 0 24 29 1 #"\n"
0 0 24 3 1 #"("
0 0 15 3 6 #"define"
0 0 24 3 1 #" "
0 0 14 3 32 #"add-up-all-course-section-number"
0 0 24 29 1 #"\n"
0 0 24 3 3 #"  ("
0 0 15 3 6 #"lambda"
0 0 24 3 2 #" ("
0 0 14 3 7 #"courses"
0 0 24 3 1 #")"
0 0 24 29 1 #"\n"
0 0 24 3 3 #"  ("
0 0 14 3 6 #"reduce"
0 0 24 3 1 #" "
0 0 14 3 1 #"+"
0 0 24 3 1 #"("
0 0 14 3 3 #"map"
0 0 24 3 1 #" "
0 0 14 3 14 #"string->number"
0 0 24 3 2 #" ("
0 0 14 3 3 #"map"
0 0 24 3 1 #" "
0 0 14 3 13 #"course-number"
0 0 24 3 1 #" "
0 0 14 3 7 #"courses"
0 0 24 3 3 #")))"
0 0 24 29 1 #"\n"
0 0 24 3 8 #"      ))"
0 0 24 29 1 #"\n"
0 0 24 3 2 #"  "
0 0 24 29 1 #"\n"
0 0 24 3 2 #"  "
0           0
